0 0.63203125 0.35078125 0.1171875 0.1703125
0 0.46640625 0.41875 0.1921875 0.15625
0 0.27578125 0.375 0.1015625 0.175
0 0.1859375 0.38359375 0.13125 0.1640625
0 0.134375 0.47265625 0.15 0.1546875
0 0.375 0.709375 0.1875 0.090625
0 0.71171875 0.85078125 0.2390625 0.1109375
0 0.8328125 0.6203125 0.025 0.09375
0 0.8546875 0.328125 0.021875 0.115625
0 0.79140625 0.15703125 0.0359375 0.0578125
0 0.640625 0.10234375 0.075 0.0078125
0 0.4953125 0.1140625 0.090625 0.0125
0 0.375 0.1375 0.046875 0.01875
0 0.30234375 0.19375 0.0296875 0.034375
0 0.25546875 0.23203125 0.0328125 0.0203125
0 0.18046875 0.25546875 0.0609375 0.0140625
0 0.11640625 0.22890625 0.0140625 0.0328125
0 0.1171875 0.1703125 0.028125 0.01875
0 0.21484375 0.13828125 0.0921875 0.0265625
0 0.315625 0.1109375 0.0375 0.009375
0 0.3875 0.09296875 0.028125 0.0078125
